    60


ans =

   0.059435020012829  -0.015765749535132
  -0.011794381650016  -0.109870073417998
   0.004991011385392   0.072500330473711
   0.003492752181368  -0.017257425500573
   0.002875312133349  -0.005792836433642
   0.003093178003644   0.010529939575704
   0.003106094855414  -0.000471576136006
   
       59


ans =

   0.003059299768555   0.057869503112716
   0.002224941227771  -0.134477222111479
   0.006572773603138   0.079192000794727
   0.006284947169565  -0.018311426830317
   0.005540445816211  -0.002885525878087
   0.005714839847281   0.014301768520199
   0.005732358006703   0.001680862860363
   
       27


ans =

  -0.516988817765599 -10.950333884432123
   1.931129279600695 -12.314841515820989
   3.208873364315521 -12.982175194512996
   3.790455129581144 -13.247636652477365
   4.086427227366978 -13.388292382208931
   4.242591303456782 -13.480475248256948
   4.316042534723477 -13.516967762728173
   
       24


ans =

   3.770263232833557   3.652042171299589
   2.768322289180580   4.026645816796869
   2.305950879836083   4.226299078574393
   2.080318560368655   4.299760616377280
   1.963576840496758   4.336418057237900
   1.902872125276890   4.364775517721929
   1.874558475081734   4.373846957070102
   
       21


ans =

  18.458288495210180  12.429474015120242
  15.084882538481747  13.908621723378904
  13.456475677030497  14.457946633140851
  12.671867209508306  14.667015509803342
  12.258187352800210  14.800500596381998
  12.045095905826871  14.881369003491471
  11.945474724555018  14.908386783917507
  
      20


ans =

  42.726536481512454  18.603943773262248
  42.338689292949653  20.986703095905614
  42.127171063982260  22.285861231882034
  41.966161678971268  22.829363300005433
  41.858964311614642  23.140100634096914
  41.824446169430672  23.340652370921980
