torques_mst =

  -0.320937156503671   1.479110297520157  -2.084109089525932
  -0.427584233095347   1.023307073279855  -1.404117029175851
  -0.357783065909894   0.842750232501976  -1.215792355862076
  -0.348632222543001   0.745591756193161  -1.100750531065138
  -0.344784556201446   0.678650670656882  -1.023046049620961
  -0.338593567486345   0.653024614311303  -0.993008807963969
  -0.336508840358360   0.648671039391896  -0.986564731946902
  -0.335824669681103   0.654357252837018  -0.991073852454400
