function out = force_identical_spheres(b)

    out = 1-4*b^3 - 6 * b^5 + 14 * b^6 - 8 * b^7 + 54 * b^8 - 50 * b^9 + 154 * b^10 - 264 * b^11 + 494 * b^12 - 1092 * b^13 + 1830 * b^14 - 4192 * b^15 + 7140 * b^16 - 15894 * b^17 + 28234 * b^18 - 60320 * b^19 + 112056 * b^20 - 230032 * b^21;
 
end