     36.7584  3.40959e-17      41.8492  6.58387e-16       60.442   5.8006e-16  1.39389e-32  2.57861e-16  6.48272e-33  3.28157e-16      41.8492  2.33132e-16       35.859 -2.99699e-16      41.9853 -2.11058e-16  1.32776e-32 -1.26606e-15  3.07929e-32  1.46624e-15       60.442  -5.9983e-16      41.9853  4.15131e-16      41.5967            0            0            0            0            0            0            0            0            0            0            0            0            0            0            0            0            0            0            0            0            0            0            0            0            0
 3.40959e-17       43.277 -5.24086e-16      64.2122  2.30496e-16  -1.8585e-32  4.35168e-16  4.24851e-32 -1.49941e-15  2.83642e-33  4.53791e-16      37.1158 -2.84442e-16      44.7123 -2.46027e-16 -5.13412e-33 -4.03532e-16 -1.04204e-33  4.56295e-16 -2.55162e-33  1.57435e-15      43.5004 -3.68237e-16      44.4067  2.57968e-16            0            0            0            0            0            0            0            0            0            0            0            0            0            0            0            0            0            0            0            0            0            0            0            0            0
     41.8492 -5.24086e-16      65.4689 -4.30743e-16      111.223  -1.1178e-15  3.66539e-33 -7.17326e-16  6.04485e-32  8.02744e-16       35.859 -5.71038e-16      45.6214 -2.17377e-15      66.0222  4.89481e-16 -6.72981e-33  1.32219e-16  1.28433e-32 -1.01952e-15      41.9853 -9.93462e-17      45.3434 -1.43617e-16      57.4238            0            0            0            0            0            0            0            0            0            0            0            0            0            0            0            0            0            0            0            0            0            0            0            0            0
 6.58387e-16      64.2122 -4.30743e-16      112.738  5.23452e-16 -2.20108e-34 -1.86641e-15  -6.2006e-32 -1.18271e-15  6.03617e-32  1.21757e-16      44.7123 -7.74382e-16      66.9589 -5.20742e-16  2.75181e-32 -1.09845e-15  2.73432e-32 -3.32354e-15 -4.86704e-32 -7.51783e-16      44.4067  1.42385e-16       58.271  8.46658e-16            0            0            0            0            0            0            0            0            0            0            0            0            0            0            0            0            0            0            0            0            0            0            0            0            0
      60.442  2.30496e-16      111.223  5.23452e-16      211.939 -2.15586e-15 -7.77379e-32  1.82921e-15   3.7286e-32 -3.58105e-15      41.9853 -3.67388e-16      66.0222 -2.04867e-15      110.618 -1.97223e-15  7.12118e-33 -1.05952e-15  2.34714e-32  1.64537e-16      41.5967  4.38607e-16      57.4238  7.19423e-16      86.2027            0            0            0            0            0            0            0            0            0            0            0            0            0            0            0            0            0            0            0            0            0            0            0            0            0
  5.8006e-16  -1.8585e-32  -1.1178e-15 -2.20108e-34 -2.15586e-15       43.277 -2.79859e-16      37.1158  6.28176e-16      43.5004  1.11896e-15  1.00816e-32  6.29142e-16  4.03459e-33  9.12273e-16      64.2122  -7.0163e-16      44.7123  5.05886e-16      44.4067 -4.10689e-15 -2.54898e-32 -1.65299e-15 -1.63144e-32  1.33195e-16            0            0            0            0            0            0            0            0            0            0            0            0            0            0            0            0            0            0            0            0            0            0            0            0            0
 1.39389e-32  4.35168e-16  3.66539e-33 -1.86641e-15 -7.77379e-32 -2.79859e-16      38.3725 -2.93302e-16      46.2274  6.78301e-16 -1.75799e-31  2.01469e-15  2.71482e-33  6.05569e-16 -2.02057e-32  3.94307e-16      46.2274  4.46377e-16      47.2168 -9.52267e-16   3.1821e-33   5.7565e-16  6.14316e-32  3.17967e-15 -3.91205e-34            0            0            0            0            0            0            0            0            0            0            0            0            0            0            0            0            0            0            0            0            0            0            0            0            0
 2.57861e-16  4.24851e-32 -7.17326e-16  -6.2006e-32  1.82921e-15      37.1158 -2.93302e-16      47.1364  1.49261e-17      68.2078  1.56231e-15 -5.51251e-33 -1.30079e-15  4.42465e-32 -2.53658e-15      44.7123 -1.10498e-15      48.1535 -1.03962e-16      60.9819 -1.63911e-15 -1.07323e-32  1.86795e-15 -7.77075e-32  4.14851e-16            0            0            0            0            0            0            0            0            0            0            0            0            0            0            0            0            0            0            0            0            0            0            0            0            0
 6.48272e-33 -1.49941e-15  6.04485e-32 -1.18271e-15   3.7286e-32  6.28176e-16      46.2274  1.49261e-17      69.1445  8.89826e-16  2.65393e-32  1.47615e-16  1.29262e-32  2.65385e-15  5.50865e-32 -5.95963e-16      47.2168  7.36657e-16      61.8291 -1.01669e-15  8.81807e-33 -2.65252e-15  -2.4698e-32   1.6611e-15 -4.82186e-32            0            0            0            0            0            0            0            0            0            0            0            0            0            0            0            0            0            0            0            0            0            0            0            0            0
 3.28157e-16  2.83642e-33  8.02744e-16  6.03617e-32 -3.58105e-15      43.5004  6.78301e-16      68.2078  8.89826e-16      114.176  6.88534e-16  1.57695e-32   1.0439e-15 -1.24096e-32 -3.50976e-16      44.4067  3.24823e-16      60.9819  1.52336e-16      91.3834  3.23202e-16  1.30352e-31 -2.27913e-15 -9.77522e-33 -2.35344e-16            0            0            0            0            0            0            0            0            0            0            0            0            0            0            0            0            0            0            0            0            0            0            0            0            0
     41.8492  4.53791e-16       35.859  1.21757e-16      41.9853  1.11896e-15 -1.75799e-31  1.56231e-15  2.65393e-32  6.88534e-16      65.4689 -2.78892e-16      45.6214  1.49423e-15      45.3434  8.31142e-16  3.11685e-32 -1.14821e-15  1.53127e-32  -1.1342e-15      111.223  2.72058e-15      66.0222 -3.15812e-16      57.4238            0            0            0            0            0            0            0            0            0            0            0            0            0            0            0            0            0            0            0            0            0            0            0            0            0
 2.33132e-16      37.1158 -5.71038e-16      44.7123 -3.67388e-16  1.00816e-32  2.01469e-15 -5.51251e-33  1.47615e-16  1.57695e-32 -2.78892e-16      47.1364 -1.93763e-16      48.1535 -2.62628e-15  7.88563e-32 -4.34517e-17 -9.71883e-33   1.2469e-15 -2.03366e-32 -5.76311e-16      68.2078  9.98593e-16      60.9819 -6.33971e-16            0            0            0            0            0            0            0            0            0            0            0            0            0            0            0            0            0            0            0            0            0            0            0            0            0
      35.859 -2.84442e-16      45.6214 -7.74382e-16      66.0222  6.29142e-16  2.71482e-33 -1.30079e-15  1.29262e-32   1.0439e-15      45.6214 -1.93763e-16      49.0901  1.26543e-15      62.1679 -9.99013e-16  1.00698e-31  8.91873e-16   6.1871e-32 -7.88948e-16      66.0222  1.77195e-15      62.1679 -1.90963e-15      70.3482            0            0            0            0            0            0            0            0            0            0            0            0            0            0            0            0            0            0            0            0            0            0            0            0            0
-2.99699e-16      44.7123 -2.17377e-15      66.9589 -2.04867e-15  4.03459e-33  6.05569e-16  4.42465e-32  2.65385e-15 -1.24096e-32  1.49423e-15      48.1535  1.26543e-15      63.0151 -1.28083e-15  4.99013e-32  1.46634e-15  1.58799e-32    5.141e-16 -1.74574e-32  1.11581e-15      60.9819 -1.57949e-15      71.3076 -2.14782e-16            0            0            0            0            0            0            0            0            0            0            0            0            0            0            0            0            0            0            0            0            0            0            0            0            0
     41.9853 -2.46027e-16      66.0222 -5.20742e-16      110.618  9.12273e-16 -2.02057e-32 -2.53658e-15  5.50865e-32 -3.50976e-16      45.3434 -2.62628e-15      62.1679 -1.28083e-15      93.1103  6.52507e-16 -1.87826e-32  2.77766e-15   4.5499e-32 -4.20176e-16      57.4238  6.69095e-16      70.3482 -7.01488e-16      95.6487            0            0            0            0            0            0            0            0            0            0            0            0            0            0            0            0            0            0            0            0            0            0            0            0            0
-2.11058e-16 -5.13412e-33  4.89481e-16  2.75181e-32 -1.97223e-15      64.2122  3.94307e-16      44.7123 -5.95963e-16      44.4067  8.31142e-16  7.88563e-32 -9.99013e-16  4.99013e-32  6.52507e-16      112.738    7.004e-16      66.9589  8.34318e-16       58.271  4.63395e-15  1.36493e-31  -1.0372e-15  1.16043e-31 -6.95848e-16            0            0            0            0            0            0            0            0            0            0            0            0            0            0            0            0            0            0            0            0            0            0            0            0            0
 1.32776e-32 -4.03532e-16 -6.72981e-33 -1.09845e-15  7.12118e-33  -7.0163e-16      46.2274 -1.10498e-15      47.2168  3.24823e-16  3.11685e-32 -4.34517e-17  1.00698e-31  1.46634e-15 -1.87826e-32    7.004e-16      69.1445  1.07078e-15      61.8291  5.33264e-16  3.78896e-32   1.4783e-16 -6.70471e-32  1.64051e-15  2.28896e-31            0            0            0            0            0            0            0            0            0            0            0            0            0            0            0            0            0            0            0            0            0            0            0            0            0
-1.26606e-15 -1.04204e-33  1.32219e-16  2.73432e-32 -1.05952e-15      44.7123  4.46377e-16      48.1535  7.36657e-16      60.9819 -1.14821e-15 -9.71883e-33  8.91873e-16  1.58799e-32  2.77766e-15      66.9589  1.07078e-15      63.0151  7.93453e-16      71.3076 -4.63068e-15   3.4765e-32  3.12525e-15 -2.23129e-32  1.15441e-15            0            0            0            0            0            0            0            0            0            0            0            0            0            0            0            0            0            0            0            0            0            0            0            0            0
 3.07929e-32  4.56295e-16  1.28433e-32 -3.32354e-15  2.34714e-32  5.05886e-16      47.2168 -1.03962e-16      61.8291  1.52336e-16  1.53127e-32   1.2469e-15   6.1871e-32    5.141e-16   4.5499e-32  8.34318e-16      61.8291  7.93453e-16      72.2671  5.99746e-17 -2.13137e-33 -1.89638e-15 -4.75226e-32  8.03982e-16 -5.58433e-32            0            0            0            0            0            0            0            0            0            0            0            0            0            0            0            0            0            0            0            0            0            0            0            0            0
 1.46624e-15 -2.55162e-33 -1.01952e-15 -4.86704e-32  1.64537e-16      44.4067 -9.52267e-16      60.9819 -1.01669e-15      91.3834  -1.1342e-15 -2.03366e-32 -7.88948e-16 -1.74574e-32 -4.20176e-16       58.271  5.33264e-16      71.3076  5.99746e-17      96.9158  -6.8197e-16  5.18242e-32  1.22298e-15  5.47009e-32  6.25823e-15            0            0            0            0            0            0            0            0            0            0            0            0            0            0            0            0            0            0            0            0            0            0            0            0            0
      60.442  1.57435e-15      41.9853 -7.51783e-16      41.5967 -4.10689e-15   3.1821e-33 -1.63911e-15  8.81807e-33  3.23202e-16      111.223 -5.76311e-16      66.0222  1.11581e-15      57.4238  4.63395e-15  3.78896e-32 -4.63068e-15 -2.13137e-33  -6.8197e-16      211.939  -9.7906e-17      110.618 -3.32145e-15      86.2027            0            0            0            0            0            0            0            0            0            0            0            0            0            0            0            0            0            0            0            0            0            0            0            0            0
 -5.9983e-16      43.5004 -9.93462e-17      44.4067  4.38607e-16 -2.54898e-32   5.7565e-16 -1.07323e-32 -2.65252e-15  1.30352e-31  2.72058e-15      68.2078  1.77195e-15      60.9819  6.69095e-16  1.36493e-31   1.4783e-16   3.4765e-32 -1.89638e-15  5.18242e-32  -9.7906e-17      114.176  9.95158e-16      91.3834  4.27628e-15            0            0            0            0            0            0            0            0            0            0            0            0            0            0            0            0            0            0            0            0            0            0            0            0            0
     41.9853 -3.68237e-16      45.3434  1.42385e-16      57.4238 -1.65299e-15  6.14316e-32  1.86795e-15  -2.4698e-32 -2.27913e-15      66.0222  9.98593e-16      62.1679 -1.57949e-15      70.3482  -1.0372e-15 -6.70471e-32  3.12525e-15 -4.75226e-32  1.22298e-15      110.618  9.95158e-16      93.1103  1.69962e-15      95.6487            0            0            0            0            0            0            0            0            0            0            0            0            0            0            0            0            0            0            0            0            0            0            0            0            0
 4.15131e-16      44.4067 -1.43617e-16       58.271  7.19423e-16 -1.63144e-32  3.17967e-15 -7.77075e-32   1.6611e-15 -9.77522e-33 -3.15812e-16      60.9819 -1.90963e-15      71.3076 -7.01488e-16  1.16043e-31  1.64051e-15 -2.23129e-32  8.03982e-16  5.47009e-32 -3.32145e-15      91.3834  1.69962e-15      96.9158  2.06684e-15            0            0            0            0            0            0            0            0            0            0            0            0            0            0            0            0            0            0            0            0            0            0            0            0            0
     41.5967  2.57968e-16      57.4238  8.46658e-16      86.2027  1.33195e-16 -3.91205e-34  4.14851e-16 -4.82186e-32 -2.35344e-16      57.4238 -6.33971e-16      70.3482 -2.14782e-16      95.6487 -6.95848e-16  2.28896e-31  1.15441e-15 -5.58433e-32  6.25823e-15      86.2027  4.27628e-15      95.6487  2.06684e-15      119.296            0            0            0            0            0            0            0            0            0            0            0            0            0            0            0            0            0            0            0            0            0            0            0            0            0
           0            0            0            0            0            0            0            0            0            0            0            0            0            0            0            0            0            0            0            0            0            0            0            0            0      36.7584  3.40959e-17      41.8492  6.58387e-16       60.442   5.8006e-16  1.39389e-32  2.57861e-16  6.48272e-33  3.28157e-16      41.8492  2.33132e-16       35.859 -2.99699e-16      41.9853 -2.11058e-16  1.32776e-32 -1.26606e-15  3.07929e-32  1.46624e-15       60.442  -5.9983e-16      41.9853  4.15131e-16      41.5967
           0            0            0            0            0            0            0            0            0            0            0            0            0            0            0            0            0            0            0            0            0            0            0            0            0  3.40959e-17       43.277 -5.24086e-16      64.2122  2.30496e-16  -1.8585e-32  4.35168e-16  4.24851e-32 -1.49941e-15  2.83642e-33  4.53791e-16      37.1158 -2.84442e-16      44.7123 -2.46027e-16 -5.13412e-33 -4.03532e-16 -1.04204e-33  4.56295e-16 -2.55162e-33  1.57435e-15      43.5004 -3.68237e-16      44.4067  2.57968e-16
           0            0            0            0            0            0            0            0            0            0            0            0            0            0            0            0            0            0            0            0            0            0            0            0            0      41.8492 -5.24086e-16      65.4689 -4.30743e-16      111.223  -1.1178e-15  3.66539e-33 -7.17326e-16  6.04485e-32  8.02744e-16       35.859 -5.71038e-16      45.6214 -2.17377e-15      66.0222  4.89481e-16 -6.72981e-33  1.32219e-16  1.28433e-32 -1.01952e-15      41.9853 -9.93462e-17      45.3434 -1.43617e-16      57.4238
           0            0            0            0            0            0            0            0            0            0            0            0            0            0            0            0            0            0            0            0            0            0            0            0            0  6.58387e-16      64.2122 -4.30743e-16      112.738  5.23452e-16 -2.20108e-34 -1.86641e-15  -6.2006e-32 -1.18271e-15  6.03617e-32  1.21757e-16      44.7123 -7.74382e-16      66.9589 -5.20742e-16  2.75181e-32 -1.09845e-15  2.73432e-32 -3.32354e-15 -4.86704e-32 -7.51783e-16      44.4067  1.42385e-16       58.271  8.46658e-16
           0            0            0            0            0            0            0            0            0            0            0            0            0            0            0            0            0            0            0            0            0            0            0            0            0       60.442  2.30496e-16      111.223  5.23452e-16      211.939 -2.15586e-15 -7.77379e-32  1.82921e-15   3.7286e-32 -3.58105e-15      41.9853 -3.67388e-16      66.0222 -2.04867e-15      110.618 -1.97223e-15  7.12118e-33 -1.05952e-15  2.34714e-32  1.64537e-16      41.5967  4.38607e-16      57.4238  7.19423e-16      86.2027
           0            0            0            0            0            0            0            0            0            0            0            0            0            0            0            0            0            0            0            0            0            0            0            0            0   5.8006e-16  -1.8585e-32  -1.1178e-15 -2.20108e-34 -2.15586e-15       43.277 -2.79859e-16      37.1158  6.28176e-16      43.5004  1.11896e-15  1.00816e-32  6.29142e-16  4.03459e-33  9.12273e-16      64.2122  -7.0163e-16      44.7123  5.05886e-16      44.4067 -4.10689e-15 -2.54898e-32 -1.65299e-15 -1.63144e-32  1.33195e-16
           0            0            0            0            0            0            0            0            0            0            0            0            0            0            0            0            0            0            0            0            0            0            0            0            0  1.39389e-32  4.35168e-16  3.66539e-33 -1.86641e-15 -7.77379e-32 -2.79859e-16      38.3725 -2.93302e-16      46.2274  6.78301e-16 -1.75799e-31  2.01469e-15  2.71482e-33  6.05569e-16 -2.02057e-32  3.94307e-16      46.2274  4.46377e-16      47.2168 -9.52267e-16   3.1821e-33   5.7565e-16  6.14316e-32  3.17967e-15 -3.91205e-34
           0            0            0            0            0            0            0            0            0            0            0            0            0            0            0            0            0            0            0            0            0            0            0            0            0  2.57861e-16  4.24851e-32 -7.17326e-16  -6.2006e-32  1.82921e-15      37.1158 -2.93302e-16      47.1364  1.49261e-17      68.2078  1.56231e-15 -5.51251e-33 -1.30079e-15  4.42465e-32 -2.53658e-15      44.7123 -1.10498e-15      48.1535 -1.03962e-16      60.9819 -1.63911e-15 -1.07323e-32  1.86795e-15 -7.77075e-32  4.14851e-16
           0            0            0            0            0            0            0            0            0            0            0            0            0            0            0            0            0            0            0            0            0            0            0            0            0  6.48272e-33 -1.49941e-15  6.04485e-32 -1.18271e-15   3.7286e-32  6.28176e-16      46.2274  1.49261e-17      69.1445  8.89826e-16  2.65393e-32  1.47615e-16  1.29262e-32  2.65385e-15  5.50865e-32 -5.95963e-16      47.2168  7.36657e-16      61.8291 -1.01669e-15  8.81807e-33 -2.65252e-15  -2.4698e-32   1.6611e-15 -4.82186e-32
           0            0            0            0            0            0            0            0            0            0            0            0            0            0            0            0            0            0            0            0            0            0            0            0            0  3.28157e-16  2.83642e-33  8.02744e-16  6.03617e-32 -3.58105e-15      43.5004  6.78301e-16      68.2078  8.89826e-16      114.176  6.88534e-16  1.57695e-32   1.0439e-15 -1.24096e-32 -3.50976e-16      44.4067  3.24823e-16      60.9819  1.52336e-16      91.3834  3.23202e-16  1.30352e-31 -2.27913e-15 -9.77522e-33 -2.35344e-16
           0            0            0            0            0            0            0            0            0            0            0            0            0            0            0            0            0            0            0            0            0            0            0            0            0      41.8492  4.53791e-16       35.859  1.21757e-16      41.9853  1.11896e-15 -1.75799e-31  1.56231e-15  2.65393e-32  6.88534e-16      65.4689 -2.78892e-16      45.6214  1.49423e-15      45.3434  8.31142e-16  3.11685e-32 -1.14821e-15  1.53127e-32  -1.1342e-15      111.223  2.72058e-15      66.0222 -3.15812e-16      57.4238
           0            0            0            0            0            0            0            0            0            0            0            0            0            0            0            0            0            0            0            0            0            0            0            0            0  2.33132e-16      37.1158 -5.71038e-16      44.7123 -3.67388e-16  1.00816e-32  2.01469e-15 -5.51251e-33  1.47615e-16  1.57695e-32 -2.78892e-16      47.1364 -1.93763e-16      48.1535 -2.62628e-15  7.88563e-32 -4.34517e-17 -9.71883e-33   1.2469e-15 -2.03366e-32 -5.76311e-16      68.2078  9.98593e-16      60.9819 -6.33971e-16
           0            0            0            0            0            0            0            0            0            0            0            0            0            0            0            0            0            0            0            0            0            0            0            0            0       35.859 -2.84442e-16      45.6214 -7.74382e-16      66.0222  6.29142e-16  2.71482e-33 -1.30079e-15  1.29262e-32   1.0439e-15      45.6214 -1.93763e-16      49.0901  1.26543e-15      62.1679 -9.99013e-16  1.00698e-31  8.91873e-16   6.1871e-32 -7.88948e-16      66.0222  1.77195e-15      62.1679 -1.90963e-15      70.3482
           0            0            0            0            0            0            0            0            0            0            0            0            0            0            0            0            0            0            0            0            0            0            0            0            0 -2.99699e-16      44.7123 -2.17377e-15      66.9589 -2.04867e-15  4.03459e-33  6.05569e-16  4.42465e-32  2.65385e-15 -1.24096e-32  1.49423e-15      48.1535  1.26543e-15      63.0151 -1.28083e-15  4.99013e-32  1.46634e-15  1.58799e-32    5.141e-16 -1.74574e-32  1.11581e-15      60.9819 -1.57949e-15      71.3076 -2.14782e-16
           0            0            0            0            0            0            0            0            0            0            0            0            0            0            0            0            0            0            0            0            0            0            0            0            0      41.9853 -2.46027e-16      66.0222 -5.20742e-16      110.618  9.12273e-16 -2.02057e-32 -2.53658e-15  5.50865e-32 -3.50976e-16      45.3434 -2.62628e-15      62.1679 -1.28083e-15      93.1103  6.52507e-16 -1.87826e-32  2.77766e-15   4.5499e-32 -4.20176e-16      57.4238  6.69095e-16      70.3482 -7.01488e-16      95.6487
           0            0            0            0            0            0            0            0            0            0            0            0            0            0            0            0            0            0            0            0            0            0            0            0            0 -2.11058e-16 -5.13412e-33  4.89481e-16  2.75181e-32 -1.97223e-15      64.2122  3.94307e-16      44.7123 -5.95963e-16      44.4067  8.31142e-16  7.88563e-32 -9.99013e-16  4.99013e-32  6.52507e-16      112.738    7.004e-16      66.9589  8.34318e-16       58.271  4.63395e-15  1.36493e-31  -1.0372e-15  1.16043e-31 -6.95848e-16
           0            0            0            0            0            0            0            0            0            0            0            0            0            0            0            0            0            0            0            0            0            0            0            0            0  1.32776e-32 -4.03532e-16 -6.72981e-33 -1.09845e-15  7.12118e-33  -7.0163e-16      46.2274 -1.10498e-15      47.2168  3.24823e-16  3.11685e-32 -4.34517e-17  1.00698e-31  1.46634e-15 -1.87826e-32    7.004e-16      69.1445  1.07078e-15      61.8291  5.33264e-16  3.78896e-32   1.4783e-16 -6.70471e-32  1.64051e-15  2.28896e-31
           0            0            0            0            0            0            0            0            0            0            0            0            0            0            0            0            0            0            0            0            0            0            0            0            0 -1.26606e-15 -1.04204e-33  1.32219e-16  2.73432e-32 -1.05952e-15      44.7123  4.46377e-16      48.1535  7.36657e-16      60.9819 -1.14821e-15 -9.71883e-33  8.91873e-16  1.58799e-32  2.77766e-15      66.9589  1.07078e-15      63.0151  7.93453e-16      71.3076 -4.63068e-15   3.4765e-32  3.12525e-15 -2.23129e-32  1.15441e-15
           0            0            0            0            0            0            0            0            0            0            0            0            0            0            0            0            0            0            0            0            0            0            0            0            0  3.07929e-32  4.56295e-16  1.28433e-32 -3.32354e-15  2.34714e-32  5.05886e-16      47.2168 -1.03962e-16      61.8291  1.52336e-16  1.53127e-32   1.2469e-15   6.1871e-32    5.141e-16   4.5499e-32  8.34318e-16      61.8291  7.93453e-16      72.2671  5.99746e-17 -2.13137e-33 -1.89638e-15 -4.75226e-32  8.03982e-16 -5.58433e-32
           0            0            0            0            0            0            0            0            0            0            0            0            0            0            0            0            0            0            0            0            0            0            0            0            0  1.46624e-15 -2.55162e-33 -1.01952e-15 -4.86704e-32  1.64537e-16      44.4067 -9.52267e-16      60.9819 -1.01669e-15      91.3834  -1.1342e-15 -2.03366e-32 -7.88948e-16 -1.74574e-32 -4.20176e-16       58.271  5.33264e-16      71.3076  5.99746e-17      96.9158  -6.8197e-16  5.18242e-32  1.22298e-15  5.47009e-32  6.25823e-15
           0            0            0            0            0            0            0            0            0            0            0            0            0            0            0            0            0            0            0            0            0            0            0            0            0       60.442  1.57435e-15      41.9853 -7.51783e-16      41.5967 -4.10689e-15   3.1821e-33 -1.63911e-15  8.81807e-33  3.23202e-16      111.223 -5.76311e-16      66.0222  1.11581e-15      57.4238  4.63395e-15  3.78896e-32 -4.63068e-15 -2.13137e-33  -6.8197e-16      211.939  -9.7906e-17      110.618 -3.32145e-15      86.2027
           0            0            0            0            0            0            0            0            0            0            0            0            0            0            0            0            0            0            0            0            0            0            0            0            0  -5.9983e-16      43.5004 -9.93462e-17      44.4067  4.38607e-16 -2.54898e-32   5.7565e-16 -1.07323e-32 -2.65252e-15  1.30352e-31  2.72058e-15      68.2078  1.77195e-15      60.9819  6.69095e-16  1.36493e-31   1.4783e-16   3.4765e-32 -1.89638e-15  5.18242e-32  -9.7906e-17      114.176  9.95158e-16      91.3834  4.27628e-15
           0            0            0            0            0            0            0            0            0            0            0            0            0            0            0            0            0            0            0            0            0            0            0            0            0      41.9853 -3.68237e-16      45.3434  1.42385e-16      57.4238 -1.65299e-15  6.14316e-32  1.86795e-15  -2.4698e-32 -2.27913e-15      66.0222  9.98593e-16      62.1679 -1.57949e-15      70.3482  -1.0372e-15 -6.70471e-32  3.12525e-15 -4.75226e-32  1.22298e-15      110.618  9.95158e-16      93.1103  1.69962e-15      95.6487
           0            0            0            0            0            0            0            0            0            0            0            0            0            0            0            0            0            0            0            0            0            0            0            0            0  4.15131e-16      44.4067 -1.43617e-16       58.271  7.19423e-16 -1.63144e-32  3.17967e-15 -7.77075e-32   1.6611e-15 -9.77522e-33 -3.15812e-16      60.9819 -1.90963e-15      71.3076 -7.01488e-16  1.16043e-31  1.64051e-15 -2.23129e-32  8.03982e-16  5.47009e-32 -3.32145e-15      91.3834  1.69962e-15      96.9158  2.06684e-15
           0            0            0            0            0            0            0            0            0            0            0            0            0            0            0            0            0            0            0            0            0            0            0            0            0      41.5967  2.57968e-16      57.4238  8.46658e-16      86.2027  1.33195e-16 -3.91205e-34  4.14851e-16 -4.82186e-32 -2.35344e-16      57.4238 -6.33971e-16      70.3482 -2.14782e-16      95.6487 -6.95848e-16  2.28896e-31  1.15441e-15 -5.58433e-32  6.25823e-15      86.2027  4.27628e-15      95.6487  2.06684e-15      119.296
