         540 -1.62548e-14       3304.8 -1.93963e-14      23744.6  1.15463e-14 -8.87469e-31  3.55271e-14 -4.73317e-29  1.08002e-12       3304.8 -2.82377e-14      19945.4 -1.06276e-12       141718  1.42109e-13            0  5.68434e-13  3.78653e-29   7.7307e-12      23744.6  1.39298e-13       141718   9.7579e-13       997808            0            0            0            0            0            0            0            0            0            0            0            0            0            0            0            0            0            0            0            0            0            0            0            0            0
-1.62548e-14       3628.8 -4.51791e-14      28993.4 -4.31067e-14  8.38165e-31  2.84217e-14  3.05684e-29  4.54747e-13 -1.26218e-28  5.86734e-15        21695  3.69589e-13       170061 -3.10354e-12 -1.26218e-29   1.7053e-12   1.4515e-28 -1.13687e-11 -5.04871e-28  1.79672e-13       152965  8.19878e-13  1.18002e+06 -8.20131e-11            0            0            0            0            0            0            0            0            0            0            0            0            0            0            0            0            0            0            0            0            0            0            0            0            0
      3304.8 -4.51791e-14        30743  1.54873e-13       273687  7.81597e-14 -1.77494e-30 -9.09495e-13 -5.36425e-29 -1.22782e-11      19945.4  3.71839e-13       179509 -3.18527e-12  1.57239e+06 -5.11591e-13 -1.26218e-29 -1.36424e-12 -1.76705e-28  1.92813e-10       141718  4.06574e-12  1.24075e+06 -3.94806e-11  1.07156e+07            0            0            0            0            0            0            0            0            0            0            0            0            0            0            0            0            0            0            0            0            0            0            0            0            0
-1.93963e-14      28993.4  1.54873e-13       284935 -4.20009e-12 -7.69139e-30 -1.36424e-12  1.26218e-29 -9.54969e-12  1.69132e-27 -3.21632e-13       170061  5.05664e-12  1.63313e+06  5.47001e-11  1.26218e-29 -2.68301e-11   7.8255e-28  6.18456e-11  -5.8565e-27 -2.99621e-13  1.18002e+06 -1.00956e-11   1.1106e+07  6.88645e-10            0            0            0            0            0            0            0            0            0            0            0            0            0            0            0            0            0            0            0            0            0            0            0            0            0
     23744.6 -4.31067e-14       273687 -4.20009e-12  2.74131e+06  1.13687e-12  3.78653e-29  3.68345e-11  1.26218e-28  2.94676e-10       141718 -2.85869e-12  1.57239e+06 -1.02549e-11  1.54988e+07  1.50067e-11  2.52435e-28  4.54747e-10 -3.43312e-27  -3.7835e-10       997808 -1.17123e-11  1.07156e+07  1.30756e-10  1.04107e+08            0            0            0            0            0            0            0            0            0            0            0            0            0            0            0            0            0            0            0            0            0            0            0            0            0
 1.15463e-14  8.38165e-31  7.81597e-14 -7.69139e-30  1.13687e-12       3628.8  3.36651e-14        21695 -5.42436e-13       152965 -2.27374e-13 -7.88861e-31  3.24007e-12 -4.41762e-29 -4.09273e-12      28993.4 -1.07459e-12       170061 -2.31913e-12  1.18002e+06  2.27374e-13  2.52435e-29 -1.81899e-12  4.03897e-28 -1.09139e-10            0            0            0            0            0            0            0            0            0            0            0            0            0            0            0            0            0            0            0            0            0            0            0            0            0
-8.87469e-31  2.84217e-14 -1.77494e-30 -1.36424e-12  3.78653e-29  3.36651e-14      23444.6  5.97094e-13       181309 -8.14554e-12 -3.35266e-30 -1.08002e-12 -6.62643e-29  4.09273e-12 -2.52435e-28 -1.34999e-12       181309 -6.15666e-12  1.36222e+06   2.8094e-11  2.52435e-29  6.36646e-12  2.52435e-28  1.38243e-10  4.03897e-28            0            0            0            0            0            0            0            0            0            0            0            0            0            0            0            0            0            0            0            0            0            0            0            0            0
 3.55271e-14  3.05684e-29 -9.09495e-13  1.26218e-29  3.68345e-11        21695  5.97094e-13       190756    1.713e-12  1.65112e+06  2.78533e-12  7.25752e-29  1.50067e-11  1.36315e-27  8.00355e-11       170061  1.11772e-12  1.42296e+06  6.47081e-11   1.1991e+07 -3.09228e-11 -4.03897e-28  1.38243e-10  6.05845e-27  7.27596e-10            0            0            0            0            0            0            0            0            0            0            0            0            0            0            0            0            0            0            0            0            0            0            0            0            0
-4.73317e-29  4.54747e-13 -5.36425e-29 -9.54969e-12  1.26218e-28 -5.42436e-13       181309    1.713e-12  1.71186e+06 -7.22451e-11 -5.99534e-29  2.27374e-12 -6.94198e-28  1.16415e-10 -1.09052e-26 -5.06262e-12  1.36222e+06  8.12091e-11  1.23815e+07  -1.6243e-10 -1.64083e-27  1.81899e-10            0  1.22236e-09  6.46235e-27            0            0            0            0            0            0            0            0            0            0            0            0            0            0            0            0            0            0            0            0            0            0            0            0            0
 1.08002e-12 -1.26218e-28 -1.22782e-11  1.69132e-27  2.94676e-10       152965 -8.14554e-12  1.65112e+06 -7.22451e-11  1.60785e+07 -1.36424e-12 -1.26218e-27  1.09139e-10 -1.11072e-26  7.85803e-10  1.18002e+06  2.69705e-12   1.1991e+07  2.12199e-10  1.13499e+08 -3.12866e-10  6.46235e-27 -9.02219e-10 -9.69352e-26 -5.82077e-09            0            0            0            0            0            0            0            0            0            0            0            0            0            0            0            0            0            0            0            0            0            0            0            0            0
      3304.8  5.86734e-15      19945.4 -3.21632e-13       141718 -2.27374e-13 -3.35266e-30  2.78533e-12 -5.99534e-29 -1.36424e-12        30743  5.66715e-13       179509 -2.00798e-13  1.24075e+06 -3.75167e-12  5.04871e-29 -1.90994e-11 -2.01948e-28  3.27418e-11       273687 -1.38026e-11  1.57239e+06 -8.39287e-11  1.07156e+07            0            0            0            0            0            0            0            0            0            0            0            0            0            0            0            0            0            0            0            0            0            0            0            0            0
-2.82377e-14        21695  3.71839e-13       170061 -2.85869e-12 -7.88861e-31 -1.08002e-12  7.25752e-29  2.27374e-12 -1.26218e-27  5.66715e-13       190756 -3.13313e-13  1.42296e+06  -3.9727e-11  1.26218e-29 -1.81899e-12  1.00974e-28 -1.20053e-10  2.42338e-27 -8.23593e-12  1.65112e+06  1.04721e-11   1.1991e+07 -1.55726e-11            0            0            0            0            0            0            0            0            0            0            0            0            0            0            0            0            0            0            0            0            0            0            0            0            0
     19945.4  3.69589e-13       179509  5.05664e-12  1.57239e+06  3.24007e-12 -6.62643e-29  1.50067e-11 -6.94198e-28  1.09139e-10       179509 -3.13313e-13   1.4837e+06  2.78111e-11  1.24162e+07 -1.00044e-11  4.13994e-27  1.09139e-11 -1.61559e-27 -3.20142e-10  1.57239e+06 -2.53611e-11  1.24162e+07 -6.19611e-10  1.01126e+08            0            0            0            0            0            0            0            0            0            0            0            0            0            0            0            0            0            0            0            0            0            0            0            0            0
-1.06276e-12       170061 -3.18527e-12  1.63313e+06 -1.02549e-11 -4.41762e-29  4.09273e-12  1.36315e-27  1.16415e-10 -1.11072e-26 -2.00798e-13  1.42296e+06  2.78111e-11  1.28066e+07  1.33954e-10  1.00974e-27  3.27418e-11  7.67404e-27 -1.22236e-09  6.46235e-27 -9.23364e-11   1.1991e+07 -5.97528e-10  1.03859e+08  3.43313e-09            0            0            0            0            0            0            0            0            0            0            0            0            0            0            0            0            0            0            0            0            0            0            0            0            0
      141718 -3.10354e-12  1.57239e+06  5.47001e-11  1.54988e+07 -4.09273e-12 -2.52435e-28  8.00355e-11 -1.09052e-26  7.85803e-10  1.24075e+06  -3.9727e-11  1.24162e+07  1.33954e-10   1.1663e+08 -1.56433e-10 -1.61559e-27 -4.07454e-10 -3.71585e-26  1.39698e-09  1.07156e+07  2.36713e-10  1.01126e+08 -8.60979e-10  9.21063e+08            0            0            0            0            0            0            0            0            0            0            0            0            0            0            0            0            0            0            0            0            0            0            0            0            0
 1.42109e-13 -1.26218e-29 -5.11591e-13  1.26218e-29  1.50067e-11      28993.4 -1.34999e-12       170061 -5.06262e-12  1.18002e+06 -3.75167e-12  1.26218e-29 -1.00044e-11  1.00974e-27 -1.56433e-10       284935 -9.53375e-12  1.63313e+06 -8.65764e-11   1.1106e+07  1.36424e-11 -4.03897e-28 -1.52795e-10  4.84676e-27 -1.71713e-09            0            0            0            0            0            0            0            0            0            0            0            0            0            0            0            0            0            0            0            0            0            0            0            0            0
           0   1.7053e-12 -1.26218e-29 -2.68301e-11  2.52435e-28 -1.07459e-12       181309  1.11772e-12  1.36222e+06  2.69705e-12  5.04871e-29 -1.81899e-12  4.13994e-27  3.27418e-11 -1.61559e-27 -9.53375e-12  1.71186e+06  4.57055e-11  1.23815e+07  4.18466e-10  2.01948e-28 -4.36557e-11  7.27014e-27  9.60426e-10  1.55096e-25            0            0            0            0            0            0            0            0            0            0            0            0            0            0            0            0            0            0            0            0            0            0            0            0            0
 5.68434e-13   1.4515e-28 -1.36424e-12   7.8255e-28  4.54747e-10       170061 -6.15666e-12  1.42296e+06  8.12091e-11   1.1991e+07 -1.90994e-11  1.00974e-28  1.09139e-11  7.67404e-27 -4.07454e-10  1.63313e+06  4.57055e-11  1.28066e+07  3.00303e-10  1.03859e+08  -3.0559e-10  4.84676e-27 -7.85803e-10  1.03398e-25  3.95812e-09            0            0            0            0            0            0            0            0            0            0            0            0            0            0            0            0            0            0            0            0            0            0            0            0            0
 3.78653e-29 -1.13687e-11 -1.76705e-28  6.18456e-11 -3.43312e-27 -2.31913e-12  1.36222e+06  6.47081e-11  1.23815e+07  2.12199e-10 -2.01948e-28 -1.20053e-10 -1.61559e-27 -1.22236e-09 -3.71585e-26 -8.65764e-11  1.23815e+07  3.00303e-10  1.06592e+08  6.15948e-09  6.46235e-27  1.30967e-09  -1.9387e-26  1.55997e-08            0            0            0            0            0            0            0            0            0            0            0            0            0            0            0            0            0            0            0            0            0            0            0            0            0            0
  7.7307e-12 -5.04871e-28  1.92813e-10  -5.8565e-27  -3.7835e-10  1.18002e+06   2.8094e-11   1.1991e+07  -1.6243e-10  1.13499e+08  3.27418e-11  2.42338e-27 -3.20142e-10  6.46235e-27  1.39698e-09   1.1106e+07  4.18466e-10  1.03859e+08  6.15948e-09  9.41189e+08  1.45519e-10 -3.87741e-26   5.3551e-09 -1.29247e-26 -3.91155e-08            0            0            0            0            0            0            0            0            0            0            0            0            0            0            0            0            0            0            0            0            0            0            0            0            0
     23744.6  1.79672e-13       141718 -2.99621e-13       997808  2.27374e-13  2.52435e-29 -3.09228e-11 -1.64083e-27 -3.12866e-10       273687 -8.23593e-12  1.57239e+06 -9.23364e-11  1.07156e+07  1.36424e-11  2.01948e-28  -3.0559e-10  6.46235e-27  1.45519e-10  2.74131e+06 -2.06101e-10  1.54988e+07 -3.77888e-10  1.04107e+08            0            0            0            0            0            0            0            0            0            0            0            0            0            0            0            0            0            0            0            0            0            0            0            0            0
 1.39298e-13       152965  4.06574e-12  1.18002e+06 -1.17123e-11  2.52435e-29  6.36646e-12 -4.03897e-28  1.81899e-10  6.46235e-27 -1.38026e-11  1.65112e+06 -2.53611e-11   1.1991e+07  2.36713e-10 -4.03897e-28 -4.36557e-11  4.84676e-27  1.30967e-09 -3.87741e-26 -2.06101e-10  1.60785e+07  6.65804e-10  1.13499e+08  2.78673e-09            0            0            0            0            0            0            0            0            0            0            0            0            0            0            0            0            0            0            0            0            0            0            0            0            0
      141718  8.19878e-13  1.24075e+06 -1.00956e-11  1.07156e+07 -1.81899e-12  2.52435e-28  1.38243e-10            0 -9.02219e-10  1.57239e+06  1.04721e-11  1.24162e+07 -5.97528e-10  1.01126e+08 -1.52795e-10  7.27014e-27 -7.85803e-10  -1.9387e-26   5.3551e-09  1.54988e+07  6.65804e-10   1.1663e+08  2.14896e-09  9.21063e+08            0            0            0            0            0            0            0            0            0            0            0            0            0            0            0            0            0            0            0            0            0            0            0            0            0
  9.7579e-13  1.18002e+06 -3.94806e-11   1.1106e+07  1.30756e-10  4.03897e-28  1.38243e-10  6.05845e-27  1.22236e-09 -9.69352e-26 -8.39287e-11   1.1991e+07 -6.19611e-10  1.03859e+08 -8.60979e-10  4.84676e-27  9.60426e-10  1.03398e-25  1.55997e-08 -1.29247e-26 -3.77888e-10  1.13499e+08  2.14896e-09  9.41189e+08 -2.77438e-08            0            0            0            0            0            0            0            0            0            0            0            0            0            0            0            0            0            0            0            0            0            0            0            0            0
      997808 -8.20131e-11  1.07156e+07  6.88645e-10  1.04107e+08 -1.09139e-10  4.03897e-28  7.27596e-10  6.46235e-27 -5.82077e-09  1.07156e+07 -1.55726e-11  1.01126e+08  3.43313e-09  9.21063e+08 -1.71713e-09  1.55096e-25  3.95812e-09            0 -3.91155e-08  1.04107e+08  2.78673e-09  9.21063e+08 -2.77438e-08   8.0814e+09            0            0            0            0            0            0            0            0            0            0            0            0            0            0            0            0            0            0            0            0            0            0            0            0            0
           0            0            0            0            0            0            0            0            0            0            0            0            0            0            0            0            0            0            0            0            0            0            0            0            0          540 -1.62548e-14       3304.8 -1.93963e-14      23744.6  1.15463e-14 -8.87469e-31  3.55271e-14 -4.73317e-29  1.08002e-12       3304.8 -2.82377e-14      19945.4 -1.06276e-12       141718  1.42109e-13            0  5.68434e-13  3.78653e-29   7.7307e-12      23744.6  1.39298e-13       141718   9.7579e-13       997808
           0            0            0            0            0            0            0            0            0            0            0            0            0            0            0            0            0            0            0            0            0            0            0            0            0 -1.62548e-14       3628.8 -4.51791e-14      28993.4 -4.31067e-14  8.38165e-31  2.84217e-14  3.05684e-29  4.54747e-13 -1.26218e-28  5.86734e-15        21695  3.69589e-13       170061 -3.10354e-12 -1.26218e-29   1.7053e-12   1.4515e-28 -1.13687e-11 -5.04871e-28  1.79672e-13       152965  8.19878e-13  1.18002e+06 -8.20131e-11
           0            0            0            0            0            0            0            0            0            0            0            0            0            0            0            0            0            0            0            0            0            0            0            0            0       3304.8 -4.51791e-14        30743  1.54873e-13       273687  7.81597e-14 -1.77494e-30 -9.09495e-13 -5.36425e-29 -1.22782e-11      19945.4  3.71839e-13       179509 -3.18527e-12  1.57239e+06 -5.11591e-13 -1.26218e-29 -1.36424e-12 -1.76705e-28  1.92813e-10       141718  4.06574e-12  1.24075e+06 -3.94806e-11  1.07156e+07
           0            0            0            0            0            0            0            0            0            0            0            0            0            0            0            0            0            0            0            0            0            0            0            0            0 -1.93963e-14      28993.4  1.54873e-13       284935 -4.20009e-12 -7.69139e-30 -1.36424e-12  1.26218e-29 -9.54969e-12  1.69132e-27 -3.21632e-13       170061  5.05664e-12  1.63313e+06  5.47001e-11  1.26218e-29 -2.68301e-11   7.8255e-28  6.18456e-11  -5.8565e-27 -2.99621e-13  1.18002e+06 -1.00956e-11   1.1106e+07  6.88645e-10
           0            0            0            0            0            0            0            0            0            0            0            0            0            0            0            0            0            0            0            0            0            0            0            0            0      23744.6 -4.31067e-14       273687 -4.20009e-12  2.74131e+06  1.13687e-12  3.78653e-29  3.68345e-11  1.26218e-28  2.94676e-10       141718 -2.85869e-12  1.57239e+06 -1.02549e-11  1.54988e+07  1.50067e-11  2.52435e-28  4.54747e-10 -3.43312e-27  -3.7835e-10       997808 -1.17123e-11  1.07156e+07  1.30756e-10  1.04107e+08
           0            0            0            0            0            0            0            0            0            0            0            0            0            0            0            0            0            0            0            0            0            0            0            0            0  1.15463e-14  8.38165e-31  7.81597e-14 -7.69139e-30  1.13687e-12       3628.8  3.36651e-14        21695 -5.42436e-13       152965 -2.27374e-13 -7.88861e-31  3.24007e-12 -4.41762e-29 -4.09273e-12      28993.4 -1.07459e-12       170061 -2.31913e-12  1.18002e+06  2.27374e-13  2.52435e-29 -1.81899e-12  4.03897e-28 -1.09139e-10
           0            0            0            0            0            0            0            0            0            0            0            0            0            0            0            0            0            0            0            0            0            0            0            0            0 -8.87469e-31  2.84217e-14 -1.77494e-30 -1.36424e-12  3.78653e-29  3.36651e-14      23444.6  5.97094e-13       181309 -8.14554e-12 -3.35266e-30 -1.08002e-12 -6.62643e-29  4.09273e-12 -2.52435e-28 -1.34999e-12       181309 -6.15666e-12  1.36222e+06   2.8094e-11  2.52435e-29  6.36646e-12  2.52435e-28  1.38243e-10  4.03897e-28
           0            0            0            0            0            0            0            0            0            0            0            0            0            0            0            0            0            0            0            0            0            0            0            0            0  3.55271e-14  3.05684e-29 -9.09495e-13  1.26218e-29  3.68345e-11        21695  5.97094e-13       190756    1.713e-12  1.65112e+06  2.78533e-12  7.25752e-29  1.50067e-11  1.36315e-27  8.00355e-11       170061  1.11772e-12  1.42296e+06  6.47081e-11   1.1991e+07 -3.09228e-11 -4.03897e-28  1.38243e-10  6.05845e-27  7.27596e-10
           0            0            0            0            0            0            0            0            0            0            0            0            0            0            0            0            0            0            0            0            0            0            0            0            0 -4.73317e-29  4.54747e-13 -5.36425e-29 -9.54969e-12  1.26218e-28 -5.42436e-13       181309    1.713e-12  1.71186e+06 -7.22451e-11 -5.99534e-29  2.27374e-12 -6.94198e-28  1.16415e-10 -1.09052e-26 -5.06262e-12  1.36222e+06  8.12091e-11  1.23815e+07  -1.6243e-10 -1.64083e-27  1.81899e-10            0  1.22236e-09  6.46235e-27
           0            0            0            0            0            0            0            0            0            0            0            0            0            0            0            0            0            0            0            0            0            0            0            0            0  1.08002e-12 -1.26218e-28 -1.22782e-11  1.69132e-27  2.94676e-10       152965 -8.14554e-12  1.65112e+06 -7.22451e-11  1.60785e+07 -1.36424e-12 -1.26218e-27  1.09139e-10 -1.11072e-26  7.85803e-10  1.18002e+06  2.69705e-12   1.1991e+07  2.12199e-10  1.13499e+08 -3.12866e-10  6.46235e-27 -9.02219e-10 -9.69352e-26 -5.82077e-09
           0            0            0            0            0            0            0            0            0            0            0            0            0            0            0            0            0            0            0            0            0            0            0            0            0       3304.8  5.86734e-15      19945.4 -3.21632e-13       141718 -2.27374e-13 -3.35266e-30  2.78533e-12 -5.99534e-29 -1.36424e-12        30743  5.66715e-13       179509 -2.00798e-13  1.24075e+06 -3.75167e-12  5.04871e-29 -1.90994e-11 -2.01948e-28  3.27418e-11       273687 -1.38026e-11  1.57239e+06 -8.39287e-11  1.07156e+07
           0            0            0            0            0            0            0            0            0            0            0            0            0            0            0            0            0            0            0            0            0            0            0            0            0 -2.82377e-14        21695  3.71839e-13       170061 -2.85869e-12 -7.88861e-31 -1.08002e-12  7.25752e-29  2.27374e-12 -1.26218e-27  5.66715e-13       190756 -3.13313e-13  1.42296e+06  -3.9727e-11  1.26218e-29 -1.81899e-12  1.00974e-28 -1.20053e-10  2.42338e-27 -8.23593e-12  1.65112e+06  1.04721e-11   1.1991e+07 -1.55726e-11
           0            0            0            0            0            0            0            0            0            0            0            0            0            0            0            0            0            0            0            0            0            0            0            0            0      19945.4  3.69589e-13       179509  5.05664e-12  1.57239e+06  3.24007e-12 -6.62643e-29  1.50067e-11 -6.94198e-28  1.09139e-10       179509 -3.13313e-13   1.4837e+06  2.78111e-11  1.24162e+07 -1.00044e-11  4.13994e-27  1.09139e-11 -1.61559e-27 -3.20142e-10  1.57239e+06 -2.53611e-11  1.24162e+07 -6.19611e-10  1.01126e+08
           0            0            0            0            0            0            0            0            0            0            0            0            0            0            0            0            0            0            0            0            0            0            0            0            0 -1.06276e-12       170061 -3.18527e-12  1.63313e+06 -1.02549e-11 -4.41762e-29  4.09273e-12  1.36315e-27  1.16415e-10 -1.11072e-26 -2.00798e-13  1.42296e+06  2.78111e-11  1.28066e+07  1.33954e-10  1.00974e-27  3.27418e-11  7.67404e-27 -1.22236e-09  6.46235e-27 -9.23364e-11   1.1991e+07 -5.97528e-10  1.03859e+08  3.43313e-09
           0            0            0            0            0            0            0            0            0            0            0            0            0            0            0            0            0            0            0            0            0            0            0            0            0       141718 -3.10354e-12  1.57239e+06  5.47001e-11  1.54988e+07 -4.09273e-12 -2.52435e-28  8.00355e-11 -1.09052e-26  7.85803e-10  1.24075e+06  -3.9727e-11  1.24162e+07  1.33954e-10   1.1663e+08 -1.56433e-10 -1.61559e-27 -4.07454e-10 -3.71585e-26  1.39698e-09  1.07156e+07  2.36713e-10  1.01126e+08 -8.60979e-10  9.21063e+08
           0            0            0            0            0            0            0            0            0            0            0            0            0            0            0            0            0            0            0            0            0            0            0            0            0  1.42109e-13 -1.26218e-29 -5.11591e-13  1.26218e-29  1.50067e-11      28993.4 -1.34999e-12       170061 -5.06262e-12  1.18002e+06 -3.75167e-12  1.26218e-29 -1.00044e-11  1.00974e-27 -1.56433e-10       284935 -9.53375e-12  1.63313e+06 -8.65764e-11   1.1106e+07  1.36424e-11 -4.03897e-28 -1.52795e-10  4.84676e-27 -1.71713e-09
           0            0            0            0            0            0            0            0            0            0            0            0            0            0            0            0            0            0            0            0            0            0            0            0            0            0   1.7053e-12 -1.26218e-29 -2.68301e-11  2.52435e-28 -1.07459e-12       181309  1.11772e-12  1.36222e+06  2.69705e-12  5.04871e-29 -1.81899e-12  4.13994e-27  3.27418e-11 -1.61559e-27 -9.53375e-12  1.71186e+06  4.57055e-11  1.23815e+07  4.18466e-10  2.01948e-28 -4.36557e-11  7.27014e-27  9.60426e-10  1.55096e-25
           0            0            0            0            0            0            0            0            0            0            0            0            0            0            0            0            0            0            0            0            0            0            0            0            0  5.68434e-13   1.4515e-28 -1.36424e-12   7.8255e-28  4.54747e-10       170061 -6.15666e-12  1.42296e+06  8.12091e-11   1.1991e+07 -1.90994e-11  1.00974e-28  1.09139e-11  7.67404e-27 -4.07454e-10  1.63313e+06  4.57055e-11  1.28066e+07  3.00303e-10  1.03859e+08  -3.0559e-10  4.84676e-27 -7.85803e-10  1.03398e-25  3.95812e-09
           0            0            0            0            0            0            0            0            0            0            0            0            0            0            0            0            0            0            0            0            0            0            0            0            0  3.78653e-29 -1.13687e-11 -1.76705e-28  6.18456e-11 -3.43312e-27 -2.31913e-12  1.36222e+06  6.47081e-11  1.23815e+07  2.12199e-10 -2.01948e-28 -1.20053e-10 -1.61559e-27 -1.22236e-09 -3.71585e-26 -8.65764e-11  1.23815e+07  3.00303e-10  1.06592e+08  6.15948e-09  6.46235e-27  1.30967e-09  -1.9387e-26  1.55997e-08            0
           0            0            0            0            0            0            0            0            0            0            0            0            0            0            0            0            0            0            0            0            0            0            0            0            0   7.7307e-12 -5.04871e-28  1.92813e-10  -5.8565e-27  -3.7835e-10  1.18002e+06   2.8094e-11   1.1991e+07  -1.6243e-10  1.13499e+08  3.27418e-11  2.42338e-27 -3.20142e-10  6.46235e-27  1.39698e-09   1.1106e+07  4.18466e-10  1.03859e+08  6.15948e-09  9.41189e+08  1.45519e-10 -3.87741e-26   5.3551e-09 -1.29247e-26 -3.91155e-08
           0            0            0            0            0            0            0            0            0            0            0            0            0            0            0            0            0            0            0            0            0            0            0            0            0      23744.6  1.79672e-13       141718 -2.99621e-13       997808  2.27374e-13  2.52435e-29 -3.09228e-11 -1.64083e-27 -3.12866e-10       273687 -8.23593e-12  1.57239e+06 -9.23364e-11  1.07156e+07  1.36424e-11  2.01948e-28  -3.0559e-10  6.46235e-27  1.45519e-10  2.74131e+06 -2.06101e-10  1.54988e+07 -3.77888e-10  1.04107e+08
           0            0            0            0            0            0            0            0            0            0            0            0            0            0            0            0            0            0            0            0            0            0            0            0            0  1.39298e-13       152965  4.06574e-12  1.18002e+06 -1.17123e-11  2.52435e-29  6.36646e-12 -4.03897e-28  1.81899e-10  6.46235e-27 -1.38026e-11  1.65112e+06 -2.53611e-11   1.1991e+07  2.36713e-10 -4.03897e-28 -4.36557e-11  4.84676e-27  1.30967e-09 -3.87741e-26 -2.06101e-10  1.60785e+07  6.65804e-10  1.13499e+08  2.78673e-09
           0            0            0            0            0            0            0            0            0            0            0            0            0            0            0            0            0            0            0            0            0            0            0            0            0       141718  8.19878e-13  1.24075e+06 -1.00956e-11  1.07156e+07 -1.81899e-12  2.52435e-28  1.38243e-10            0 -9.02219e-10  1.57239e+06  1.04721e-11  1.24162e+07 -5.97528e-10  1.01126e+08 -1.52795e-10  7.27014e-27 -7.85803e-10  -1.9387e-26   5.3551e-09  1.54988e+07  6.65804e-10   1.1663e+08  2.14896e-09  9.21063e+08
           0            0            0            0            0            0            0            0            0            0            0            0            0            0            0            0            0            0            0            0            0            0            0            0            0   9.7579e-13  1.18002e+06 -3.94806e-11   1.1106e+07  1.30756e-10  4.03897e-28  1.38243e-10  6.05845e-27  1.22236e-09 -9.69352e-26 -8.39287e-11   1.1991e+07 -6.19611e-10  1.03859e+08 -8.60979e-10  4.84676e-27  9.60426e-10  1.03398e-25  1.55997e-08 -1.29247e-26 -3.77888e-10  1.13499e+08  2.14896e-09  9.41189e+08 -2.77438e-08
           0            0            0            0            0            0            0            0            0            0            0            0            0            0            0            0            0            0            0            0            0            0            0            0            0       997808 -8.20131e-11  1.07156e+07  6.88645e-10  1.04107e+08 -1.09139e-10  4.03897e-28  7.27596e-10  6.46235e-27 -5.82077e-09  1.07156e+07 -1.55726e-11  1.01126e+08  3.43313e-09  9.21063e+08 -1.71713e-09  1.55096e-25  3.95812e-09            0 -3.91155e-08  1.04107e+08  2.78673e-09  9.21063e+08 -2.77438e-08   8.0814e+09
