% Function to integrate on the 4 dimensional cube, hard coded n = 5
function integral = integrate4dim(f)
%load('X','X');
%load('W','W');
%global X;
%global W;

W = [5.95374180765122045e-03,9.52598689224197319e-03,5.95374180765122045e-03,9.52598689224197319e-03,1.52415790275871894e-02,9.52598689224197319e-03,5.95374180765122045e-03,9.52598689224197319e-03,5.95374180765122045e-03,9.52598689224197319e-03,1.52415790275871894e-02,9.52598689224197319e-03,1.52415790275871911e-02,2.43865264441395571e-02,1.52415790275871911e-02,9.52598689224197319e-03,1.52415790275871894e-02,9.52598689224197319e-03,5.95374180765122045e-03,9.52598689224197319e-03,5.95374180765122045e-03,9.52598689224197319e-03,1.52415790275871894e-02,9.52598689224197319e-03,5.95374180765122045e-03,9.52598689224197319e-03,5.95374180765122045e-03,9.52598689224197319e-03,1.52415790275871894e-02,9.52598689224197319e-03,1.52415790275871911e-02,2.43865264441395571e-02,1.52415790275871911e-02,9.52598689224197319e-03,1.52415790275871894e-02,9.52598689224197319e-03,1.52415790275871911e-02,2.43865264441395571e-02,1.52415790275871911e-02,2.43865264441395571e-02,3.90184423106233746e-02,2.43865264441395571e-02,1.52415790275871911e-02,2.43865264441395571e-02,1.52415790275871911e-02,9.52598689224197319e-03,1.52415790275871894e-02,9.52598689224197319e-03,1.52415790275871911e-02,2.43865264441395571e-02,1.52415790275871911e-02,9.52598689224197319e-03,1.52415790275871894e-02,9.52598689224197319e-03,5.95374180765122045e-03,9.52598689224197319e-03,5.95374180765122045e-03,9.52598689224197319e-03,1.52415790275871894e-02,9.52598689224197319e-03,5.95374180765122045e-03,9.52598689224197319e-03,5.95374180765122045e-03,9.52598689224197319e-03,1.52415790275871894e-02,9.52598689224197319e-03,1.52415790275871911e-02,2.43865264441395571e-02,1.52415790275871911e-02,9.52598689224197319e-03,1.52415790275871894e-02,9.52598689224197319e-03,5.95374180765122045e-03,9.52598689224197319e-03,5.95374180765122045e-03,9.52598689224197319e-03,1.52415790275871894e-02,9.52598689224197319e-03,5.95374180765122045e-03,9.52598689224197319e-03,5.95374180765122045e-03]';
X = [1.12701665379258242e-01,1.12701665379258242e-01,1.12701665379258242e-01,1.12701665379258242e-01;1.12701665379258242e-01,1.12701665379258242e-01,1.12701665379258242e-01,5.00000000000000000e-01;1.12701665379258242e-01,1.12701665379258242e-01,1.12701665379258242e-01,8.87298334620741702e-01;1.12701665379258242e-01,1.12701665379258242e-01,5.00000000000000000e-01,1.12701665379258242e-01;1.12701665379258242e-01,1.12701665379258242e-01,5.00000000000000000e-01,5.00000000000000000e-01;1.12701665379258242e-01,1.12701665379258242e-01,5.00000000000000000e-01,8.87298334620741702e-01;1.12701665379258242e-01,1.12701665379258242e-01,8.87298334620741702e-01,1.12701665379258242e-01;1.12701665379258242e-01,1.12701665379258242e-01,8.87298334620741702e-01,5.00000000000000000e-01;1.12701665379258242e-01,1.12701665379258242e-01,8.87298334620741702e-01,8.87298334620741702e-01;1.12701665379258242e-01,5.00000000000000000e-01,1.12701665379258242e-01,1.12701665379258242e-01;1.12701665379258242e-01,5.00000000000000000e-01,1.12701665379258242e-01,5.00000000000000000e-01;1.12701665379258242e-01,5.00000000000000000e-01,1.12701665379258242e-01,8.87298334620741702e-01;1.12701665379258242e-01,5.00000000000000000e-01,5.00000000000000000e-01,1.12701665379258242e-01;1.12701665379258242e-01,5.00000000000000000e-01,5.00000000000000000e-01,5.00000000000000000e-01;1.12701665379258242e-01,5.00000000000000000e-01,5.00000000000000000e-01,8.87298334620741702e-01;1.12701665379258242e-01,5.00000000000000000e-01,8.87298334620741702e-01,1.12701665379258242e-01;1.12701665379258242e-01,5.00000000000000000e-01,8.87298334620741702e-01,5.00000000000000000e-01;1.12701665379258242e-01,5.00000000000000000e-01,8.87298334620741702e-01,8.87298334620741702e-01;1.12701665379258242e-01,8.87298334620741702e-01,1.12701665379258242e-01,1.12701665379258242e-01;1.12701665379258242e-01,8.87298334620741702e-01,1.12701665379258242e-01,5.00000000000000000e-01;1.12701665379258242e-01,8.87298334620741702e-01,1.12701665379258242e-01,8.87298334620741702e-01;1.12701665379258242e-01,8.87298334620741702e-01,5.00000000000000000e-01,1.12701665379258242e-01;1.12701665379258242e-01,8.87298334620741702e-01,5.00000000000000000e-01,5.00000000000000000e-01;1.12701665379258242e-01,8.87298334620741702e-01,5.00000000000000000e-01,8.87298334620741702e-01;1.12701665379258242e-01,8.87298334620741702e-01,8.87298334620741702e-01,1.12701665379258242e-01;1.12701665379258242e-01,8.87298334620741702e-01,8.87298334620741702e-01,5.00000000000000000e-01;1.12701665379258242e-01,8.87298334620741702e-01,8.87298334620741702e-01,8.87298334620741702e-01;5.00000000000000000e-01,1.12701665379258242e-01,1.12701665379258242e-01,1.12701665379258242e-01;5.00000000000000000e-01,1.12701665379258242e-01,1.12701665379258242e-01,5.00000000000000000e-01;5.00000000000000000e-01,1.12701665379258242e-01,1.12701665379258242e-01,8.87298334620741702e-01;5.00000000000000000e-01,1.12701665379258242e-01,5.00000000000000000e-01,1.12701665379258242e-01;5.00000000000000000e-01,1.12701665379258242e-01,5.00000000000000000e-01,5.00000000000000000e-01;5.00000000000000000e-01,1.12701665379258242e-01,5.00000000000000000e-01,8.87298334620741702e-01;5.00000000000000000e-01,1.12701665379258242e-01,8.87298334620741702e-01,1.12701665379258242e-01;5.00000000000000000e-01,1.12701665379258242e-01,8.87298334620741702e-01,5.00000000000000000e-01;5.00000000000000000e-01,1.12701665379258242e-01,8.87298334620741702e-01,8.87298334620741702e-01;5.00000000000000000e-01,5.00000000000000000e-01,1.12701665379258242e-01,1.12701665379258242e-01;5.00000000000000000e-01,5.00000000000000000e-01,1.12701665379258242e-01,5.00000000000000000e-01;5.00000000000000000e-01,5.00000000000000000e-01,1.12701665379258242e-01,8.87298334620741702e-01;5.00000000000000000e-01,5.00000000000000000e-01,5.00000000000000000e-01,1.12701665379258242e-01;5.00000000000000000e-01,5.00000000000000000e-01,5.00000000000000000e-01,5.00000000000000000e-01;5.00000000000000000e-01,5.00000000000000000e-01,5.00000000000000000e-01,8.87298334620741702e-01;5.00000000000000000e-01,5.00000000000000000e-01,8.87298334620741702e-01,1.12701665379258242e-01;5.00000000000000000e-01,5.00000000000000000e-01,8.87298334620741702e-01,5.00000000000000000e-01;5.00000000000000000e-01,5.00000000000000000e-01,8.87298334620741702e-01,8.87298334620741702e-01;5.00000000000000000e-01,8.87298334620741702e-01,1.12701665379258242e-01,1.12701665379258242e-01;5.00000000000000000e-01,8.87298334620741702e-01,1.12701665379258242e-01,5.00000000000000000e-01;5.00000000000000000e-01,8.87298334620741702e-01,1.12701665379258242e-01,8.87298334620741702e-01;5.00000000000000000e-01,8.87298334620741702e-01,5.00000000000000000e-01,1.12701665379258242e-01;5.00000000000000000e-01,8.87298334620741702e-01,5.00000000000000000e-01,5.00000000000000000e-01;5.00000000000000000e-01,8.87298334620741702e-01,5.00000000000000000e-01,8.87298334620741702e-01;5.00000000000000000e-01,8.87298334620741702e-01,8.87298334620741702e-01,1.12701665379258242e-01;5.00000000000000000e-01,8.87298334620741702e-01,8.87298334620741702e-01,5.00000000000000000e-01;5.00000000000000000e-01,8.87298334620741702e-01,8.87298334620741702e-01,8.87298334620741702e-01;8.87298334620741702e-01,1.12701665379258242e-01,1.12701665379258242e-01,1.12701665379258242e-01;8.87298334620741702e-01,1.12701665379258242e-01,1.12701665379258242e-01,5.00000000000000000e-01;8.87298334620741702e-01,1.12701665379258242e-01,1.12701665379258242e-01,8.87298334620741702e-01;8.87298334620741702e-01,1.12701665379258242e-01,5.00000000000000000e-01,1.12701665379258242e-01;8.87298334620741702e-01,1.12701665379258242e-01,5.00000000000000000e-01,5.00000000000000000e-01;8.87298334620741702e-01,1.12701665379258242e-01,5.00000000000000000e-01,8.87298334620741702e-01;8.87298334620741702e-01,1.12701665379258242e-01,8.87298334620741702e-01,1.12701665379258242e-01;