     39.2852   7.2076e-16      44.0636 -4.01453e-17      62.2654 -6.27482e-16  7.37872e-33  2.20001e-15 -1.24222e-32 -6.77991e-16      44.0636 -7.43389e-16      37.7842  2.33272e-17      43.5485 -2.29244e-15   4.0589e-32 -1.98748e-16 -1.05204e-32  7.63936e-16      62.2654 -1.15987e-15      43.5485 -1.29746e-16      42.8422            0            0            0            0            0            0            0            0            0            0            0            0            0            0            0            0            0            0            0            0            0            0            0            0            0
  7.2076e-16      45.4923  2.23244e-15      66.0373  1.01847e-15 -5.52659e-32 -2.15567e-15 -1.97649e-32  1.54162e-16  2.26959e-32   9.8314e-16      39.0415  1.91937e-16      46.2746  7.29488e-16 -1.07371e-32 -5.55667e-16  1.75982e-32  9.31445e-16 -5.95112e-32 -5.05771e-16      45.0641 -9.99822e-16      45.6492 -8.40866e-16            0            0            0            0            0            0            0            0            0            0            0            0            0            0            0            0            0            0            0            0            0            0            0            0            0
     44.0636  2.23244e-15      67.2946  1.07752e-15      112.722  3.12406e-16  -4.8734e-32  8.66484e-16 -4.45853e-32 -2.22337e-15      37.7842  4.75665e-16      47.1833  1.83195e-15      67.2552 -1.03966e-15 -3.45464e-33 -1.75889e-15  -1.8826e-32  5.56971e-16      43.5485 -4.74528e-16      46.5849 -2.80459e-16      58.3647            0            0            0            0            0            0            0            0            0            0            0            0            0            0            0            0            0            0            0            0            0            0            0            0            0
-4.01453e-17      66.0373  1.07752e-15      114.237 -2.94774e-15  3.39549e-33   1.9026e-15 -4.30927e-33  1.66822e-15 -1.92593e-34 -4.34011e-16      46.2746   1.0177e-15      68.1908 -9.15957e-16  2.64815e-34 -9.00427e-16 -2.40741e-33  2.53494e-15 -1.41195e-32  3.33073e-17      45.6492  -1.4002e-16      59.2096  1.57794e-15            0            0            0            0            0            0            0            0            0            0            0            0            0            0            0            0            0            0            0            0            0            0            0            0            0
     62.2654  1.01847e-15      112.722 -2.94774e-15      213.249 -2.91318e-15 -1.67315e-33  3.13347e-15 -7.21923e-32 -9.74075e-16      43.5485  1.01301e-17      67.2552 -1.91805e-15      111.565  7.63827e-16  5.33483e-32  5.84782e-16 -1.42158e-32  2.47973e-15      42.8422  1.14352e-15      58.3647 -1.60558e-15       86.842            0            0            0            0            0            0            0            0            0            0            0            0            0            0            0            0            0            0            0            0            0            0            0            0            0
-6.27482e-16 -5.52659e-32  3.12406e-16  3.39549e-33 -2.91318e-15      45.4923  1.55148e-17      39.0415  4.90772e-16      45.0641  9.15067e-17  8.23335e-33 -4.66735e-16 -3.00686e-32 -3.45095e-16      66.0373 -7.87163e-16      46.2746  1.94924e-15      45.6492  -7.1991e-16 -3.90001e-32 -4.92174e-16  7.41965e-32 -1.87694e-15            0            0            0            0            0            0            0            0            0            0            0            0            0            0            0            0            0            0            0            0            0            0            0            0            0
 7.37872e-33 -2.15567e-15  -4.8734e-32   1.9026e-15 -1.67315e-33  1.55148e-17      40.2988  8.67608e-16      47.7902 -6.22426e-16  4.94483e-32  1.92415e-15  3.16575e-32 -1.94818e-16  -2.6963e-33 -1.26742e-15      47.7902 -5.73893e-16      48.4562  1.62595e-16  8.92548e-33  2.31976e-15  1.86093e-32  8.98194e-17 -3.08149e-32            0            0            0            0            0            0            0            0            0            0            0            0            0            0            0            0            0            0            0            0            0            0            0            0            0
 2.20001e-15 -1.97649e-32  8.66484e-16 -4.30927e-33  3.13347e-15      39.0415  8.67608e-16      48.6989  1.43195e-16      69.4417 -3.27958e-16  4.36945e-33  7.09631e-16 -1.22056e-32  3.53869e-15      46.2746  8.03375e-16      49.3919  3.57883e-16      61.9169 -4.20996e-16  1.19408e-32 -3.90252e-16 -1.12908e-32  1.71992e-15            0            0            0            0            0            0            0            0            0            0            0            0            0            0            0            0            0            0            0            0            0            0            0            0            0
-1.24222e-32  1.54162e-16 -4.45853e-32  1.66822e-15 -7.21923e-32  4.90772e-16      47.7902  1.43195e-16      70.3774 -7.04229e-16 -2.70834e-32  6.51727e-16  2.52778e-34 -3.65646e-15 -1.11379e-31   9.9604e-16      48.4562   -2.461e-16      62.7617 -8.60269e-16 -5.54668e-32 -1.56091e-16 -4.53316e-32  1.23636e-15  8.65224e-32            0            0            0            0            0            0            0            0            0            0            0            0            0            0            0            0            0            0            0            0            0            0            0            0            0
-6.77991e-16  2.26959e-32 -2.22337e-15 -1.92593e-34 -9.74075e-16      45.0641 -6.22426e-16      69.4417 -7.04229e-16      115.125 -4.83764e-16  2.47121e-32  3.55257e-15  9.72595e-33 -2.57034e-15      45.6492 -3.66466e-16      61.9169 -2.03405e-15      92.0127 -1.34827e-16 -4.53316e-32  1.74572e-15 -6.94538e-32  4.02286e-15            0            0            0            0            0            0            0            0            0            0            0            0            0            0            0            0            0            0            0            0            0            0            0            0            0
     44.0636   9.8314e-16      37.7842 -4.34011e-16      43.5485  9.15067e-17  4.94483e-32 -3.27958e-16 -2.70834e-32 -4.83764e-16      67.2946  5.96201e-16      47.1833  3.42748e-16      46.5849 -1.99753e-15   5.4233e-32  8.90401e-16   1.2326e-32  -9.5796e-17      112.722 -5.15855e-16      67.2552   1.5654e-15      58.3647            0            0            0            0            0            0            0            0            0            0            0            0            0            0            0            0            0            0            0            0            0            0            0            0            0
-7.43389e-16      39.0415  4.75665e-16      46.2746  1.01301e-17  8.23335e-33  1.92415e-15  4.36945e-33  6.51727e-16  2.47121e-32  5.96201e-16      48.6989 -3.71145e-16      49.3919 -1.16929e-15  1.44445e-32 -1.34224e-15  3.78927e-32 -3.22567e-15   1.2326e-32   1.1169e-15      69.4417 -7.37533e-16      61.9169  4.32198e-16            0            0            0            0            0            0            0            0            0            0            0            0            0            0            0            0            0            0            0            0            0            0            0            0            0
     37.7842  1.91937e-16      47.1833   1.0177e-15      67.2552 -4.66735e-16  3.16575e-32  7.09631e-16  2.52778e-34  3.55257e-15      47.1833 -3.71145e-16      50.3276  4.24762e-16      63.1009  8.90401e-16 -7.70372e-33  1.40128e-15    -1.56e-32  1.90163e-15      67.2552  2.32227e-15      63.1009 -7.84286e-16      70.9613            0            0            0            0            0            0            0            0            0            0            0            0            0            0            0            0            0            0            0            0            0            0            0            0            0
 2.33272e-17      46.2746  1.83195e-15      68.1908 -1.91805e-15 -3.00686e-32 -1.94818e-16 -1.22056e-32 -3.65646e-15  9.72595e-33  3.42748e-16      49.3919  4.24762e-16      63.9457 -1.12733e-15   4.3526e-32  3.06213e-16   1.1676e-32 -2.97785e-16 -2.09204e-32  3.09351e-15      61.9169 -1.67029e-15      71.9163   3.1822e-15            0            0            0            0            0            0            0            0            0            0            0            0            0            0            0            0            0            0            0            0            0            0            0            0            0
     43.5485  7.29488e-16      67.2552 -9.15957e-16      111.565 -3.45095e-16  -2.6963e-33  3.53869e-15 -1.11379e-31 -2.57034e-15      46.5849 -1.16929e-15      63.1009 -1.12733e-15      93.7362 -1.73382e-15  2.85038e-32 -1.64783e-15  2.82389e-32 -2.10928e-15      58.3647  1.04283e-17      70.9613 -3.46459e-16      95.8625            0            0            0            0            0            0            0            0            0            0            0            0            0            0            0            0            0            0            0            0            0            0            0            0            0
-2.29244e-15 -1.07371e-32 -1.03966e-15  2.64815e-34  7.63827e-16      66.0373 -1.26742e-15      46.2746   9.9604e-16      45.6492 -1.99753e-15  1.44445e-32  8.90401e-16   4.3526e-32 -1.73382e-15      114.237 -1.54881e-16      68.1908  2.16112e-15      59.2096   1.5387e-15  7.70372e-34  2.61401e-15 -6.16298e-32 -6.87628e-16            0            0            0            0            0            0            0            0            0            0            0            0            0            0            0            0            0            0            0            0            0            0            0            0            0
  4.0589e-32 -5.55667e-16 -3.45464e-33 -9.00427e-16  5.33483e-32 -7.87163e-16      47.7902  8.03375e-16      48.4562 -3.66466e-16   5.4233e-32 -1.34224e-15 -7.70372e-33  3.06213e-16  2.85038e-32 -1.54881e-16      70.3774  4.85448e-16      62.7617  1.25279e-16  1.86334e-32  2.71116e-15 -2.54223e-32 -2.57154e-15 -4.60297e-32            0            0            0            0            0            0            0            0            0            0            0            0            0            0            0            0            0            0            0            0            0            0            0            0            0
-1.98748e-16  1.75982e-32 -1.75889e-15 -2.40741e-33  5.84782e-16      46.2746 -5.73893e-16      49.3919   -2.461e-16      61.9169  8.90401e-16  3.78927e-32  1.40128e-15   1.1676e-32 -1.64783e-15      68.1908  4.85448e-16      63.9457    3.115e-16      71.9163  8.72566e-16 -2.46519e-32 -4.11024e-15 -2.38815e-32  2.24138e-16            0            0            0            0            0            0            0            0            0            0            0            0            0            0            0            0            0            0            0            0            0            0            0            0            0
-1.05204e-32  9.31445e-16  -1.8826e-32  2.53494e-15 -1.42158e-32  1.94924e-15      48.4562  3.57883e-16      62.7617 -2.03405e-15   1.2326e-32 -3.22567e-15    -1.56e-32 -2.97785e-16  2.82389e-32  2.16112e-15      62.7617    3.115e-16      72.8714 -2.48678e-15 -2.54801e-31  4.97798e-15  1.50223e-32  1.71601e-15 -9.08076e-32            0            0            0            0            0            0            0            0            0            0            0            0            0            0            0            0            0            0            0            0            0            0            0            0            0
 7.63936e-16 -5.95112e-32  5.56971e-16 -1.41195e-32  2.47973e-15      45.6492  1.62595e-16      61.9169 -8.60269e-16      92.0127  -9.5796e-17   1.2326e-32  1.90163e-15 -2.09204e-32 -2.10928e-15      59.2096  1.25279e-16      71.9163 -2.48678e-15      97.1214  2.79743e-15 -4.33334e-33  6.60862e-16  1.32528e-32 -3.57535e-16            0            0            0            0            0            0            0            0            0            0            0            0            0            0            0            0            0            0            0            0            0            0            0            0            0
     62.2654 -5.05771e-16      43.5485  3.33073e-17      42.8422  -7.1991e-16  8.92548e-33 -4.20996e-16 -5.54668e-32 -1.34827e-16      112.722   1.1169e-15      67.2552  3.09351e-15      58.3647   1.5387e-15  1.86334e-32  8.72566e-16 -2.54801e-31  2.79743e-15      213.249   1.0067e-15      111.565  2.18753e-15       86.842            0            0            0            0            0            0            0            0            0            0            0            0            0            0            0            0            0            0            0            0            0            0            0            0            0
-1.15987e-15      45.0641 -4.74528e-16      45.6492  1.14352e-15 -3.90001e-32  2.31976e-15  1.19408e-32 -1.56091e-16 -4.53316e-32 -5.15855e-16      69.4417  2.32227e-15      61.9169  1.04283e-17  7.70372e-34  2.71116e-15 -2.46519e-32  4.97798e-15 -4.33334e-33   1.0067e-15      115.125 -1.50473e-15      92.0127  1.77124e-15            0            0            0            0            0            0            0            0            0            0            0            0            0            0            0            0            0            0            0            0            0            0            0            0            0
     43.5485 -9.99822e-16      46.5849  -1.4002e-16      58.3647 -4.92174e-16  1.86093e-32 -3.90252e-16 -4.53316e-32  1.74572e-15      67.2552 -7.37533e-16      63.1009 -1.67029e-15      70.9613  2.61401e-15 -2.54223e-32 -4.11024e-15  1.50223e-32  6.60862e-16      111.565 -1.50473e-15      93.7362 -2.41443e-16      95.8625            0            0            0            0            0            0            0            0            0            0            0            0            0            0            0            0            0            0            0            0            0            0            0            0            0
-1.29746e-16      45.6492 -2.80459e-16      59.2096 -1.60558e-15  7.41965e-32  8.98194e-17 -1.12908e-32  1.23636e-15 -6.94538e-32   1.5654e-15      61.9169 -7.84286e-16      71.9163 -3.46459e-16 -6.16298e-32 -2.57154e-15 -2.38815e-32  1.71601e-15  1.32528e-32  2.18753e-15      92.0127 -2.41443e-16      97.1214  1.73828e-15            0            0            0            0            0            0            0            0            0            0            0            0            0            0            0            0            0            0            0            0            0            0            0            0            0
     42.8422 -8.40866e-16      58.3647  1.57794e-15       86.842 -1.87694e-15 -3.08149e-32  1.71992e-15  8.65224e-32  4.02286e-15      58.3647  4.32198e-16      70.9613   3.1822e-15      95.8625 -6.87628e-16 -4.60297e-32  2.24138e-16 -9.08076e-32 -3.57535e-16       86.842  1.77124e-15      95.8625  1.73828e-15       118.89            0            0            0            0            0            0            0            0            0            0            0            0            0            0            0            0            0            0            0            0            0            0            0            0            0
           0            0            0            0            0            0            0            0            0            0            0            0            0            0            0            0            0            0            0            0            0            0            0            0            0      39.2852   7.2076e-16      44.0636 -4.01453e-17      62.2654 -6.27482e-16  7.37872e-33  2.20001e-15 -1.24222e-32 -6.77991e-16      44.0636 -7.43389e-16      37.7842  2.33272e-17      43.5485 -2.29244e-15   4.0589e-32 -1.98748e-16 -1.05204e-32  7.63936e-16      62.2654 -1.15987e-15      43.5485 -1.29746e-16      42.8422
           0            0            0            0            0            0            0            0            0            0            0            0            0            0            0            0            0            0            0            0            0            0            0            0            0   7.2076e-16      45.4923  2.23244e-15      66.0373  1.01847e-15 -5.52659e-32 -2.15567e-15 -1.97649e-32  1.54162e-16  2.26959e-32   9.8314e-16      39.0415  1.91937e-16      46.2746  7.29488e-16 -1.07371e-32 -5.55667e-16  1.75982e-32  9.31445e-16 -5.95112e-32 -5.05771e-16      45.0641 -9.99822e-16      45.6492 -8.40866e-16
           0            0            0            0            0            0            0            0            0            0            0            0            0            0            0            0            0            0            0            0            0            0            0            0            0      44.0636  2.23244e-15      67.2946  1.07752e-15      112.722  3.12406e-16  -4.8734e-32  8.66484e-16 -4.45853e-32 -2.22337e-15      37.7842  4.75665e-16      47.1833  1.83195e-15      67.2552 -1.03966e-15 -3.45464e-33 -1.75889e-15  -1.8826e-32  5.56971e-16      43.5485 -4.74528e-16      46.5849 -2.80459e-16      58.3647
           0            0            0            0            0            0            0            0            0            0            0            0            0            0            0            0            0            0            0            0            0            0            0            0            0 -4.01453e-17      66.0373  1.07752e-15      114.237 -2.94774e-15  3.39549e-33   1.9026e-15 -4.30927e-33  1.66822e-15 -1.92593e-34 -4.34011e-16      46.2746   1.0177e-15      68.1908 -9.15957e-16  2.64815e-34 -9.00427e-16 -2.40741e-33  2.53494e-15 -1.41195e-32  3.33073e-17      45.6492  -1.4002e-16      59.2096  1.57794e-15
           0            0            0            0            0            0            0            0            0            0            0            0            0            0            0            0            0            0            0            0            0            0            0            0            0      62.2654  1.01847e-15      112.722 -2.94774e-15      213.249 -2.91318e-15 -1.67315e-33  3.13347e-15 -7.21923e-32 -9.74075e-16      43.5485  1.01301e-17      67.2552 -1.91805e-15      111.565  7.63827e-16  5.33483e-32  5.84782e-16 -1.42158e-32  2.47973e-15      42.8422  1.14352e-15      58.3647 -1.60558e-15       86.842
           0            0            0            0            0            0            0            0            0            0            0            0            0            0            0            0            0            0            0            0            0            0            0            0            0 -6.27482e-16 -5.52659e-32  3.12406e-16  3.39549e-33 -2.91318e-15      45.4923  1.55148e-17      39.0415  4.90772e-16      45.0641  9.15067e-17  8.23335e-33 -4.66735e-16 -3.00686e-32 -3.45095e-16      66.0373 -7.87163e-16      46.2746  1.94924e-15      45.6492  -7.1991e-16 -3.90001e-32 -4.92174e-16  7.41965e-32 -1.87694e-15
           0            0            0            0            0            0            0            0            0            0            0            0            0            0            0            0            0            0            0            0            0            0            0            0            0  7.37872e-33 -2.15567e-15  -4.8734e-32   1.9026e-15 -1.67315e-33  1.55148e-17      40.2988  8.67608e-16      47.7902 -6.22426e-16  4.94483e-32  1.92415e-15  3.16575e-32 -1.94818e-16  -2.6963e-33 -1.26742e-15      47.7902 -5.73893e-16      48.4562  1.62595e-16  8.92548e-33  2.31976e-15  1.86093e-32  8.98194e-17 -3.08149e-32
           0            0            0            0            0            0            0            0            0            0            0            0            0            0            0            0            0            0            0            0            0            0            0            0            0  2.20001e-15 -1.97649e-32  8.66484e-16 -4.30927e-33  3.13347e-15      39.0415  8.67608e-16      48.6989  1.43195e-16      69.4417 -3.27958e-16  4.36945e-33  7.09631e-16 -1.22056e-32  3.53869e-15      46.2746  8.03375e-16      49.3919  3.57883e-16      61.9169 -4.20996e-16  1.19408e-32 -3.90252e-16 -1.12908e-32  1.71992e-15
           0            0            0            0            0            0            0            0            0            0            0            0            0            0            0            0            0            0            0            0            0            0            0            0            0 -1.24222e-32  1.54162e-16 -4.45853e-32  1.66822e-15 -7.21923e-32  4.90772e-16      47.7902  1.43195e-16      70.3774 -7.04229e-16 -2.70834e-32  6.51727e-16  2.52778e-34 -3.65646e-15 -1.11379e-31   9.9604e-16      48.4562   -2.461e-16      62.7617 -8.60269e-16 -5.54668e-32 -1.56091e-16 -4.53316e-32  1.23636e-15  8.65224e-32
           0            0            0            0            0            0            0            0            0            0            0            0            0            0            0            0            0            0            0            0            0            0            0            0            0 -6.77991e-16  2.26959e-32 -2.22337e-15 -1.92593e-34 -9.74075e-16      45.0641 -6.22426e-16      69.4417 -7.04229e-16      115.125 -4.83764e-16  2.47121e-32  3.55257e-15  9.72595e-33 -2.57034e-15      45.6492 -3.66466e-16      61.9169 -2.03405e-15      92.0127 -1.34827e-16 -4.53316e-32  1.74572e-15 -6.94538e-32  4.02286e-15
           0            0            0            0            0            0            0            0            0            0            0            0            0            0            0            0            0            0            0            0            0            0            0            0            0      44.0636   9.8314e-16      37.7842 -4.34011e-16      43.5485  9.15067e-17  4.94483e-32 -3.27958e-16 -2.70834e-32 -4.83764e-16      67.2946  5.96201e-16      47.1833  3.42748e-16      46.5849 -1.99753e-15   5.4233e-32  8.90401e-16   1.2326e-32  -9.5796e-17      112.722 -5.15855e-16      67.2552   1.5654e-15      58.3647
           0            0            0            0            0            0            0            0            0            0            0            0            0            0            0            0            0            0            0            0            0            0            0            0            0 -7.43389e-16      39.0415  4.75665e-16      46.2746  1.01301e-17  8.23335e-33  1.92415e-15  4.36945e-33  6.51727e-16  2.47121e-32  5.96201e-16      48.6989 -3.71145e-16      49.3919 -1.16929e-15  1.44445e-32 -1.34224e-15  3.78927e-32 -3.22567e-15   1.2326e-32   1.1169e-15      69.4417 -7.37533e-16      61.9169  4.32198e-16
           0            0            0            0            0            0            0            0            0            0            0            0            0            0            0            0            0            0            0            0            0            0            0            0            0      37.7842  1.91937e-16      47.1833   1.0177e-15      67.2552 -4.66735e-16  3.16575e-32  7.09631e-16  2.52778e-34  3.55257e-15      47.1833 -3.71145e-16      50.3276  4.24762e-16      63.1009  8.90401e-16 -7.70372e-33  1.40128e-15    -1.56e-32  1.90163e-15      67.2552  2.32227e-15      63.1009 -7.84286e-16      70.9613
           0            0            0            0            0            0            0            0            0            0            0            0            0            0            0            0            0            0            0            0            0            0            0            0            0  2.33272e-17      46.2746  1.83195e-15      68.1908 -1.91805e-15 -3.00686e-32 -1.94818e-16 -1.22056e-32 -3.65646e-15  9.72595e-33  3.42748e-16      49.3919  4.24762e-16      63.9457 -1.12733e-15   4.3526e-32  3.06213e-16   1.1676e-32 -2.97785e-16 -2.09204e-32  3.09351e-15      61.9169 -1.67029e-15      71.9163   3.1822e-15
           0            0            0            0            0            0            0            0            0            0            0            0            0            0            0            0            0            0            0            0            0            0            0            0            0      43.5485  7.29488e-16      67.2552 -9.15957e-16      111.565 -3.45095e-16  -2.6963e-33  3.53869e-15 -1.11379e-31 -2.57034e-15      46.5849 -1.16929e-15      63.1009 -1.12733e-15      93.7362 -1.73382e-15  2.85038e-32 -1.64783e-15  2.82389e-32 -2.10928e-15      58.3647  1.04283e-17      70.9613 -3.46459e-16      95.8625
           0            0            0            0            0            0            0            0            0            0            0            0            0            0            0            0            0            0            0            0            0            0            0            0            0 -2.29244e-15 -1.07371e-32 -1.03966e-15  2.64815e-34  7.63827e-16      66.0373 -1.26742e-15      46.2746   9.9604e-16      45.6492 -1.99753e-15  1.44445e-32  8.90401e-16   4.3526e-32 -1.73382e-15      114.237 -1.54881e-16      68.1908  2.16112e-15      59.2096   1.5387e-15  7.70372e-34  2.61401e-15 -6.16298e-32 -6.87628e-16
           0            0            0            0            0            0            0            0            0            0            0            0            0            0            0            0            0            0            0            0            0            0            0            0            0   4.0589e-32 -5.55667e-16 -3.45464e-33 -9.00427e-16  5.33483e-32 -7.87163e-16      47.7902  8.03375e-16      48.4562 -3.66466e-16   5.4233e-32 -1.34224e-15 -7.70372e-33  3.06213e-16  2.85038e-32 -1.54881e-16      70.3774  4.85448e-16      62.7617  1.25279e-16  1.86334e-32  2.71116e-15 -2.54223e-32 -2.57154e-15 -4.60297e-32
           0            0            0            0            0            0            0            0            0            0            0            0            0            0            0            0            0            0            0            0            0            0            0            0            0 -1.98748e-16  1.75982e-32 -1.75889e-15 -2.40741e-33  5.84782e-16      46.2746 -5.73893e-16      49.3919   -2.461e-16      61.9169  8.90401e-16  3.78927e-32  1.40128e-15   1.1676e-32 -1.64783e-15      68.1908  4.85448e-16      63.9457    3.115e-16      71.9163  8.72566e-16 -2.46519e-32 -4.11024e-15 -2.38815e-32  2.24138e-16
           0            0            0            0            0            0            0            0            0            0            0            0            0            0            0            0            0            0            0            0            0            0            0            0            0 -1.05204e-32  9.31445e-16  -1.8826e-32  2.53494e-15 -1.42158e-32  1.94924e-15      48.4562  3.57883e-16      62.7617 -2.03405e-15   1.2326e-32 -3.22567e-15    -1.56e-32 -2.97785e-16  2.82389e-32  2.16112e-15      62.7617    3.115e-16      72.8714 -2.48678e-15 -2.54801e-31  4.97798e-15  1.50223e-32  1.71601e-15 -9.08076e-32
           0            0            0            0            0            0            0            0            0            0            0            0            0            0            0            0            0            0            0            0            0            0            0            0            0  7.63936e-16 -5.95112e-32  5.56971e-16 -1.41195e-32  2.47973e-15      45.6492  1.62595e-16      61.9169 -8.60269e-16      92.0127  -9.5796e-17   1.2326e-32  1.90163e-15 -2.09204e-32 -2.10928e-15      59.2096  1.25279e-16      71.9163 -2.48678e-15      97.1214  2.79743e-15 -4.33334e-33  6.60862e-16  1.32528e-32 -3.57535e-16
           0            0            0            0            0            0            0            0            0            0            0            0            0            0            0            0            0            0            0            0            0            0            0            0            0      62.2654 -5.05771e-16      43.5485  3.33073e-17      42.8422  -7.1991e-16  8.92548e-33 -4.20996e-16 -5.54668e-32 -1.34827e-16      112.722   1.1169e-15      67.2552  3.09351e-15      58.3647   1.5387e-15  1.86334e-32  8.72566e-16 -2.54801e-31  2.79743e-15      213.249   1.0067e-15      111.565  2.18753e-15       86.842
           0            0            0            0            0            0            0            0            0            0            0            0            0            0            0            0            0            0            0            0            0            0            0            0            0 -1.15987e-15      45.0641 -4.74528e-16      45.6492  1.14352e-15 -3.90001e-32  2.31976e-15  1.19408e-32 -1.56091e-16 -4.53316e-32 -5.15855e-16      69.4417  2.32227e-15      61.9169  1.04283e-17  7.70372e-34  2.71116e-15 -2.46519e-32  4.97798e-15 -4.33334e-33   1.0067e-15      115.125 -1.50473e-15      92.0127  1.77124e-15
           0            0            0            0            0            0            0            0            0            0            0            0            0            0            0            0            0            0            0            0            0            0            0            0            0      43.5485 -9.99822e-16      46.5849  -1.4002e-16      58.3647 -4.92174e-16  1.86093e-32 -3.90252e-16 -4.53316e-32  1.74572e-15      67.2552 -7.37533e-16      63.1009 -1.67029e-15      70.9613  2.61401e-15 -2.54223e-32 -4.11024e-15  1.50223e-32  6.60862e-16      111.565 -1.50473e-15      93.7362 -2.41443e-16      95.8625
           0            0            0            0            0            0            0            0            0            0            0            0            0            0            0            0            0            0            0            0            0            0            0            0            0 -1.29746e-16      45.6492 -2.80459e-16      59.2096 -1.60558e-15  7.41965e-32  8.98194e-17 -1.12908e-32  1.23636e-15 -6.94538e-32   1.5654e-15      61.9169 -7.84286e-16      71.9163 -3.46459e-16 -6.16298e-32 -2.57154e-15 -2.38815e-32  1.71601e-15  1.32528e-32  2.18753e-15      92.0127 -2.41443e-16      97.1214  1.73828e-15
           0            0            0            0            0            0            0            0            0            0            0            0            0            0            0            0            0            0            0            0            0            0            0            0            0      42.8422 -8.40866e-16      58.3647  1.57794e-15       86.842 -1.87694e-15 -3.08149e-32  1.71992e-15  8.65224e-32  4.02286e-15      58.3647  4.32198e-16      70.9613   3.1822e-15      95.8625 -6.87628e-16 -4.60297e-32  2.24138e-16 -9.08076e-32 -3.57535e-16       86.842  1.77124e-15      95.8625  1.73828e-15       118.89
